0.999984 2.15705e-06 1.39018e-05
1.0 1.08984e-07 1.79106e-08
1.0 3.8692e-07 1.50115e-08
1.0 2.16023e-07 8.39945e-09
1.0 1.80161e-07 7.42921e-08
0.999997 2.70894e-06 4.27942e-08
0.999999 1.45526e-06 3.00786e-08
0.999999 5.93331e-07 4.80744e-09
0.999999 9.5133e-07 1.94728e-08
1.0 2.4194e-07 7.78595e-08
1.0 1.71734e-07 1.14584e-08
0.999998 1.66145e-06 1.2089e-08
1.0 1.80156e-07 4.23801e-09
0.999999 9.93546e-07 2.06705e-08
0.999999 9.20064e-07 1.86505e-09
0.999997 2.60841e-06 9.94858e-09
1.0 3.94501e-07 2.64701e-08
0.999999 6.33492e-07 2.3424e-08
0.999998 1.52738e-06 7.64453e-09
0.999994 6.08505e-06 2.19432e-09
0.999996 3.56126e-06 3.58284e-08
0.999996 3.57822e-06 2.07654e-08
1.0 5.04994e-07 3.45379e-08
1.0 4.06498e-07 2.11707e-08
0.999995 4.8634e-06 5.07123e-09
0.999998 2.31235e-06 1.55065e-08
0.644688 7.1273e-05 0.355241
0.586457 1.4389e-05 0.413529
0.602774 1.20247e-05 0.397214
0.534572 1.97058e-05 0.465409
0.468011 4.31441e-05 0.531946
0.722194 3.86367e-05 0.277768
0.608694 2.85556e-05 0.391277
0.586641 1.69203e-05 0.413342
0.999999 6.32871e-07 2.06488e-08
0.537501 2.51902e-05 0.462474
0.521474 3.58658e-05 0.47849
0.736087 1.21852e-05 0.263901
0.506284 2.69298e-05 0.493689
0.817129 1.37046e-05 0.182857
0.630031 3.18544e-05 0.369937
0.53195 6.39078e-06 0.468043
0.470232 1.98066e-05 0.529748
0.512501 2.93302e-05 0.48747
0.742861 2.9825e-05 0.257109
0.999999 1.26521e-06 2.14126e-08
1.0 1.04999e-07 4.84256e-08
0.99999 9.7409e-06 1.24315e-08
0.999999 9.74944e-07 6.81663e-09
0.999999 1.27424e-06 2.04477e-08
1.33217e-08 1.0 5.98432e-15
1.47405e-08 1.0 5.08349e-15
1.83056e-08 1.0 5.19035e-15
1.80631e-08 1.0 5.26628e-15
1.71265e-08 1.0 4.79293e-15
2.02409e-08 1.0 5.01572e-15
2.22456e-08 1.0 4.62254e-15
2.85416e-08 1.0 4.88038e-15
2.44014e-08 1.0 4.71221e-15
3.02243e-08 1.0 4.75625e-15
3.03463e-08 1.0 4.73257e-15
1.79551e-08 1.0 5.73916e-15
4.85618e-08 1.0 4.74607e-15
1.17758e-07 1.0 5.96173e-14
1.18659e-07 1.0 5.56951e-14
1.27794e-07 1.0 5.42897e-14
1.50817e-07 1.0 6.41051e-14
1.87151e-07 1.0 5.90049e-14
1.87968e-07 1.0 6.3606e-14
2.15912e-07 1.0 6.94238e-14
2.03976e-07 1.0 6.45899e-14
2.27539e-07 1.0 6.96282e-14
1.21479e-08 1.0 5.56569e-15
1.45811e-07 1.0 5.92498e-14
2.36853e-07 1.0 6.57054e-14
2.63322e-07 1.0 6.83576e-14
1.73463e-07 1.0 6.29367e-14
2.68808e-07 1.0 6.88505e-14
2.45683e-07 1.0 7.32443e-14
3.39263e-07 1.0 7.43689e-14
2.9986e-07 1.0 7.31192e-14
2.83569e-07 1.0 7.33324e-14
3.66075e-07 1.0 7.51575e-14
1.34891e-08 1.0 5.59742e-15
3.18715e-07 1.0 7.36196e-14
3.57917e-07 1.0 8.507e-14
3.2414e-07 1.0 8.27743e-14
3.33806e-07 1.0 8.3069e-14
4.47428e-07 1.0 8.91288e-14
5.88333e-07 0.999999 9.54394e-14
3.37728e-07 1.0 7.90205e-14
6.26269e-07 0.999999 8.58446e-14
4.46051e-07 1.0 1.01186e-13
4.14742e-07 1.0 8.85973e-14
1.20819e-08 1.0 5.48679e-15
5.03348e-07 1.0 8.46817e-14
1.9922e-08 1.0 5.44403e-15
1.66782e-08 1.0 5.64899e-15
1.35191e-08 1.0 5.52451e-15
1.48877e-08 1.0 5.26847e-15
3.31472e-06 8.49123e-09 0.999997
1.83614e-06 4.08066e-09 0.999998
9.71645e-06 3.30876e-08 0.99999
3.03686e-06 8.08091e-09 0.999997
1.02372e-06 2.31477e-09 0.999999
3.42016e-05 7.62672e-08 0.999966
3.88126e-06 7.15476e-09 0.999996
1.24189e-06 2.3037e-09 0.999999
6.38445e-07 1.08968e-09 0.999999
2.17278e-06 3.18595e-09 0.999998
9.1171e-07 1.5206e-09 0.999999
9.9669e-07 2.23373e-09 0.999999
8.76291e-06 1.68382e-08 0.999991
7.80102e-07 9.41535e-10 0.999999
1.24189e-06 2.3037e-09 0.999999
6.03917e-07 1.6731e-09 0.999999
2.02748e-06 4.52466e-09 0.999998
3.47257e-06 6.23775e-09 0.999997
2.01613e-06 4.49734e-09 0.999998
2.01613e-06 4.49734e-09 0.999998
1.27793e-06 2.39972e-09 0.999999
3.33721e-06 1.10691e-08 0.999997
5.42043e-06 8.64753e-09 0.999995
3.41705e-06 6.18267e-09 0.999997
1.24189e-06 2.3037e-09 0.999999
5.69774e-07 1.1491e-09 0.999999
5.22446e-06 9.7527e-09 0.999995
2.11088e-06 2.69889e-09 0.999998
9.00719e-07 1.49937e-09 0.999999
6.44488e-07 1.44569e-09 0.999999
1.24189e-06 2.3037e-09 0.999999
2.08457e-06 4.58002e-09 0.999998
1.59272e-06 5.18829e-09 0.999998
3.11613e-06 7.96024e-09 0.999997
2.01613e-06 4.49734e-09 0.999998
2.01613e-06 4.49734e-09 0.999998
2.01613e-06 4.49734e-09 0.999998
1.96649e-06 4.50956e-09 0.999998
5.18223e-06 8.50669e-09 0.999995
1.42971e-06 2.57652e-09 0.999999
9.00719e-07 1.49937e-09 0.999999
5.27938e-07 1.06431e-09 1.0
2.32697e-06 3.18001e-09 0.999998
1.07603e-06 1.25544e-09 0.999999
6.17256e-07 9.17275e-10 0.999999
2.51325e-06 4.61624e-09 0.999997
4.77485e-06 1.57952e-08 0.999995
4.77485e-06 1.57952e-08 0.999995
4.77485e-06 1.57952e-08 0.999995
4.77485e-06 1.57952e-08 0.999995
